3	396
7	296
9	120
14	188
供託	0
2	201
3	167
7	276
12	356
供託	0
3	313
8	291
12	226
17	170
供託	0
1	272
6	362
9	227
11	139
供託	0
5	194
10	178
12	272
17	356
供託	0
2	220
3	120
7	346
9	314
供託	0
1	174
6	204
11	341
13	281
供託	0
1	278
2	208
7	224
9	290
供託	0
3	337
5	311
7	204
12	148
供託	0
1	220
4	192
8	328
12	260
供託	0
3	347
5	257
8	154
11	242
供託	0
3	257
5	311
8	235
13	197
供託	0
5	122
9	206
11	337
12	335
供託	0
1	308
2	302
5	192
10	198
供託	0
5	278
10	180
11	304
12	238
供託	0
3	271
5	335
7	184
9	210
供託	0
5	326
8	234
11	241
13	199
供託	0
5	294
6	328
9	147
10	231
供託	0
2	267
3	339
5	218
8	176
供託	0
4	158
5	146
7	341
9	355
供託	0
5	325
6	245
10	210
15	220
供託	0
4	205
6	191
7	287
10	317
供託	0
5	211
10	253
12	230
17	306
供託	0
2	386
5	310
7	140
11	164
供託	0
3	264
8	274
9	193
13	269
供託	0
1	217
2	309
3	231
7	243
供託	0
5	278
10	222
14	210
18	290
供託	0
5	246
9	310
11	198
15	246
供託	0
3	197
5	215
9	283
12	305
供託	0
2	328
7	276
9	182
10	214
供託	0
2	219
3	219
7	286
9	276
供託	0
4	342
8	290
11	223
16	145
供託	0
2	287
6	367
10	168
14	178
供託	0
3	168
8	214
13	319
16	299
供託	0
4	188
7	248
9	238
10	326
供託	0
1	329
2	271
7	199
9	201
供託	0
1	237
5	277
9	212
10	274
供託	0
4	219
5	127
7	283
8	371
供託	0
5	177
7	179
11	324
13	320
供託	0
1	158
6	232
11	324
13	286
供託	0
5	254
7	328
9	175
13	243
供託	0
2	242
6	314
9	173
12	271
供託	0
3	138
8	210
10	291
15	361
供託	0
1	269
2	343
7	231
12	157
供託	0
2	288
5	330
7	228
9	154
供託	0
4	160
6	180
7	333
10	327
供託	0
2	185
6	173
11	324
13	318
供託	0
2	212
6	178
7	271
8	339
供託	0
2	206
3	202
8	297
10	295
供託	0
3	167
8	223
10	293
15	317
供託	0
2	194
3	292
7	217
10	297
供託	0
1	120
5	186
6	360
10	334
供託	0
4	234
9	184
14	300
18	282
供託	0
2	153
7	197
9	353
13	297
供託	0
2	184
3	148
7	332
11	336
供託	0
3	239
7	333
10	187
14	241
供託	0
2	174
6	260
10	260
15	306
供託	0
2	179
6	225
10	257
14	339
供託	0
4	306
7	248
12	221
13	225
供託	0
5	153
9	201
11	359
15	287
供託	0
4	229
6	187
7	277
9	307
供託	0
2	243
5	221
6	229
10	307
供託	0
3	102
5	202
10	389
12	307
供託	0
1	306
5	392
8	130
11	172
供託	0
3	170
8	246
10	340
13	244
供託	0
4	164
7	178
12	338
14	320
供託	0
3	261
4	169
6	277
7	293
供託	0
5	314
6	310
9	232
14	144
供託	0
1	270
4	254
9	192
11	284
供託	0
3	213
4	149
9	276
12	362
供託	0
5	271
9	289
11	253
16	187
供託	0
2	248
3	258
7	239
10	255
供託	0
2	181
5	277
9	308
11	234
供託	0
2	296
3	364
6	164
8	176
供託	0
2	294
5	258
7	196
10	252
供託	0
5	239
6	283
7	245
12	233
供託	0
5	274
8	184
10	231
14	311
供託	0
3	342
8	346
12	142
16	170
供託	0
1	237
3	321
4	263
7	179
供託	0
2	288
5	386
7	176
11	150
供託	0
3	279
4	317
7	204
12	200
供託	0
1	173
5	267
7	269
9	291
供託	0
5	203
7	183
12	259
14	355
供託	0
3	172
5	210
10	356
13	262
供託	0
5	250
7	168
12	306
14	276
供託	0
2	358
6	300
10	136
14	206
供託	0
1	167
5	255
9	333
14	245
供託	0
2	201
7	213
8	261
11	325
供託	0
3	242
5	192
6	296
9	270
供託	0
3	281
7	381
11	163
14	175
供託	0
1	172
5	164
8	332
9	332
供託	0
1	190
6	160
7	337
9	313
供託	0
2	362
4	276
6	171
8	191
供託	0
2	314
3	310
8	192
13	184
供託	0
1	311
6	385
9	182
13	122
供託	0
5	277
6	273
9	195
14	255
供託	0
4	268
5	364
8	178
10	190
供託	0
2	204
3	176
7	305
9	315
供託	0
1	167
3	261
4	296
9	276
供託	0
3	303
5	257
8	198
10	242
供託	0

